-453
-959
-452
-338
420
-944
-380
366
310
-262
-297
-679
766
255
966
-758
-779
-805
-901
362
-674
613
-579
-849
-314
-791
-614
-58
115
289
-573
285
901
487
-703
-589
-481
212
-53
-354
-307
-879
-480
-193
855
-364
297
-568
503
2
16
-372
-687
532
783
-148
886
-926
172
-188
-758
21
-392
934
680
813
-512
-704
-488
218
-880
234
870
-280
371
87
544
-286
-765
-989
-535
505
21
247
-379
277
72
-706
-694
914
537
423
450
-10
944
-832
839
436
-8
492
531
-391
232
838
-831
-196
-370
69
-596
913
591
-886
-562
-923
-22
-716
-666
-30
-651
429
357
-419
-627
-414
702
272
-327
125
389
54
288
-813
-570
962
-574
-180
-945
281
-282
-384
-564
-943
746
113
736
125
-312
686
730
-815
630
-993
823
-767
-561
-687
-40
678
-816
469
329
489
-790
951
82
442
-322
-180
934
-208
-286
746
966
-528
-838
694
-319
598
336
187
-742
683
-495
-101
-159
-164
862
-75
381
672
650
-432
-964
-572
84
85
847
-297
678
574
92
313
520
-457
165
-326
-931
443
-738
-499
-448
-920
-898
-510
627
-736
41
72
-555
189
93
-811
-38
2
477
-599
393
-691
-729
-143
-112
599
999
-446
-373
437
-503
167
-491
-176
696
576
192
794
-841
591
651
246
-558
-196
188
61
366
-922
6
-487
-11
-728
692
941
328
-466
782
106
461
453
584
704
-771
151
-784
571
435
-917
-352
-213
340
30
24
744
459
124
-40
36
-436
-629
366
407
-237
480
-280
-688
749
-452
332
-946
420
-456
-221
258
857
-895
683
-450
-913
870
827
-1000
586
-75
211
-236
-935
-241
941
72
-602
317
-207
255
-777
150
391
772
-536
-48
-332
912
-957
-340
550
666
-885
-181
737
44
536
-634
471
-113
463
-917
804
-379
921
58
-194
366
-917
-656
619
-56
-235
-627
65
-201
-380
144
302
-672
829
626
-573
-758
872
970
671
-257
834
-402
-955
676
716
180
-718
-291
-555
866
-129
-307
876
360
952
-671
70
-599
918
23
-88
-806
-104
872
267
-727
-668
109
-666
221
-400
-349
-68
-365
112
-114
-518
-960
375
43
63
-689
367
-225
653
-769
959
-393
-838
233
-227
944
-164
312
876
386
-813
-276
44
57
-27
412
-24
-469
822
817
-526
742
53
584
-793
-591
924
714
-105
686
-506
-51
430
841
-194
-549
-310
171
877
150
-59
-73
289
331
-926
151
-117
-511
-8
286
228
948
-924
-156
-369
168
-178
399
-625
-551
-290
-684
-873
-224
-288
28
950
-440
-984
117
198
-319
439
-514
831
286
-953
-838
-821
881
-345
-541
641
361
256
-951
804
-734
-435
295
699
233
120
44
-931
877
-785
-482
471
-464
248
550
47
-119
232
228
84
360
-454
-353
895
845
-780
-492
411
-106
278
483
-937
524
-61
-16
-911
-687
-671
904
289
756
-7
-364
246
406
529
-129
-95
-514
426
-841
-17
-225
-639
68
530
-433
-186
777
352
306
-759
-235
-595
797
378
525
-565
-132
-394
-783
75
113
837
-394
-654
-990
-363
-763
-320
545
-539
-1000
912
-443
-638
367
-463
-492
212
-230
375
320
-933
680
-816
-913
-538
-548
678
-889
316
-150
527
-846
636
-935
205
114
-800
956
-318
-373
296
-158
-640
683
-250
-43
-899
-987
-152
161
-290
-880
-251
656
517
46
-235
28
-689
911
-57
-488
-939
-206
348
-229
837
496
-415
-297
-103
-498
38
-201
-815
730
148
-929
-528
452
210
-549
-973
225
-788
-709
-666
558
39
750
236
355
-538
605
225
544
236
-184
-535
-761
-82
109
-468
-268
960
-175
-412
-206
-172
-142
13
-560
152
577
-245
-315
606
-754
-685
-702
-723
-687
-602
904
-242
-713
965
951
854
-673
-881
-76
731
-107
988
292
-782
570
-478
-127
-524
-603
561
132
-240
43
-55
864
-392
270
-548
-397
833
-878
533
690
-839
321
884
254
916
-581
-788
-268
-165
693
-848
-154
158
754
-112
385
-91
574
-76
-747
-763
84
-210
-979
167
555
-383
248
908
467
-501
212
255
149
-846
268
-710
566
895
779
344
695
838
-105
-529
-555
-707
431
763
-574
-7
-653
-872
539
230
117
-682
-786
601
766
869
-402
-946
87
-650
-23
-888
-949
761
-834
-263
404
-885
-496
317
704
-110
197
-411
-757
479
-26
806
653
406
876
-527
153
-369
-944
890
-431
663
398
666
-510
-954
-190
946
503
607
741
-602
886
-348
165
-291
886
-28
231
-943
415
-526
-166
-42
-369
429
