-96
-95
-93
-90
-89
-87
-86
-82
-73
-72
-68
-67
-64
-62
-61
-60
-56
-53
-51
-45
-40
-37
-36
-34
-33
-32
-30
-29
-28
-27
-26
-25
-24
-15
-11
-9
-8
-7
-6
-4
-2
1
2
3
4
6
10
11
13
15
16
17
19
22
24
26
27
29
30
31
32
33
36
37
39
40
42
44
45
46
47
48
49
50
52
56
61
62
64
65
66
67
68
71
73
74
75
77
78
81
82
84
85
86
87
88
91
92
93
95
96
97
98
99
77
76
74
73
72
71
70
68
67
61
60
59
58
56
55
54
52
50
49
44
43
42
40
38
37
36
35
33
29
28
26
24
22
21
20
19
16
15
14
13
12
11
9
8
7
6
5
4
3
1
0
-1
-2
-3
-6
-7
-8
-9
-11
-13
-17
-18
-19
-20
-21
-23
-24
-25
-27
-29
-30
-32
-33
-36
-39
-41
-45
-46
-52
-53
-54
-56
-60
-61
-66
-68
-70
-75
-77
-78
-80
-86
-87
-88
-89
-92
